header:
  seq: 999
  stamp:
    secs: 1435607489
    nsecs: 924811809
  frame_id: /map
status:
  status: 0
  service: 1
latitude:  41.38738993
longitude: 2.183433017
altitude: -30.551
position_covariance: [3.9561210000000004, 0.0, 0.0, 0.0, 3.9561210000000004, 0.0, 0.0, 0.0, 7.650756]
position_covariance_type: 2
